0.3528043397025501,0.30926790269060267
0.4155095449000966,0.3727966803120206
0.8964134587293392,0.08176386638857658
0.2575973879140444,0.7109335244062908
0.9058426996188949,0.10650957563102326
0.2748813998933738,0.9626010289762876
0.15997770035345804,0.6504089877719581
0.08537219982553346,0.30031326406859005
0.9696191904839015,0.2670937489285874
0.2966122717755615,0.6672262768570858
0.4813099111890109,0.10520644538747215
0.31166998999371887,0.5861462640773681
0.3106086052859194,0.8041115714099413
0.9893435508426524,0.2508810129467427
0.8148824681680503,0.965559056238387
0.5976355443639264,0.02491994799553332
0.3935591321388897,0.8758183607391722
0.13838370700234603,0.9634523183384015
0.03766481634942398,0.21299214172101566
0.4841161429067954,0.064124306770871
0.7525858071992108,0.7016848879297586
0.23943895389978942,0.17726953110029775
0.04194333165062569,0.5715051527664283
0.1733635402508884,0.19196493967440675
0.6450196471274136,0.8961504461364118
0.4141138667955142,0.6390836184179683
0.10803554883632493,0.7746517115142463
0.8369929343633333,0.005777383288305349
0.04493698502948573,0.7389468210515368
0.8171323707983964,0.3424507490323224
0.4081589365755973,0.01746931004703134
0.005465550352239945,0.4434529081590739
0.43151008520935374,0.10574963572921925
0.15656422191368802,0.13425035235455018
0.9071841137475687,0.1493419200693613
0.5907629703889982,0.3066667589740901
0.607670130295161,0.21127133746184212
0.6671188479135665,0.05924861017730687
0.7081900257216516,0.8736267824940807
0.3201404568395899,0.5795325355278681
0.4906963816010136,0.5935433448625972
0.6981022365534498,0.958591107058594
0.3431700201554041,0.34932923318178244
0.8213580767149451,0.11405179185413983
0.934916122198405,0.6415849085037835
0.8128905178060755,0.6236879648079181
0.9560606189703627,0.6201760723055253
0.19716757219678083,0.8546068869565454
0.13453334187940713,0.15019279313788525
0.705219616735552,0.7811233950324411
0.00758640698757973,0.6146076983959653
0.49734641585131467,0.5625231186645415
0.48887813061273144,0.45683110332859855
0.6810286656683134,0.202784074806049
0.08242178233674624,0.06568666599077055
0.8343620381874439,0.8923199023544344
0.8630130650587821,0.6782925144466637
0.7796019852646627,0.6448505114925329
0.4250945159542521,0.05771199076724287
0.6683690651693855,0.33504143424613386
0.32722443601375817,0.14736453476949019
0.5895851600872232,0.45549836888972284
0.9352193753357073,0.5415108236609689
0.8204273209115646,0.2043999669426888
0.804292234654848,0.8482665341371142
0.576507790988977,0.11463564569564177
0.5506234983780991,0.9297769672990183
0.13269391573649159,0.488157555144358
0.20963889771515132,0.9037355128817364
0.2191510271860304,0.48203579022643805
0.35011533555691987,0.5838549183867584
0.004828083384854076,0.12105790109843961
0.07622922140290034,0.8029319725861196
0.3228994337144969,0.8708971939362121
0.14655956461184316,0.5961393920265224
0.0753080452205499,0.6123939626765987
0.7465506634456174,0.564816569171002
0.9760439919552634,0.807886830655219
0.7161696637374672,0.29447810636269467
0.6740262248426043,0.3570612246939513
0.07398748492528295,0.8892617335099005
0.7421351587875253,0.5001619473664152
0.7283580117062907,0.8617657882490473
0.4731654525697502,0.50622774883043
0.4112191627866769,0.3311223530173737
0.9803671292170013,0.8961288103977421
0.34114146038047466,0.836529825203034
0.5423599405639122,0.293048197666262
0.9926164923942762,0.90822308896027
0.6155400671965622,0.33541663157527113
0.977131687804617,0.07763113113584064
0.2867827632082083,0.34798546810036024
0.6928993634979965,0.8517112951989697
0.9107216011149886,0.06849477297592099
0.9078427330240871,0.804880398348316
0.27782028685523064,0.01405035103032437
0.1713847001472123,0.863704037696774
0.4271634105279961,0.483042349347938
0.9012761689193328,0.7605580680305866
0.028202722446106554,0.1123683839354408
0.02434086672130198,0.7180390031474214
0.4804568613971112,0.5947439561751923
0.19566749295840136,0.18639168067642498
0.9877987754445541,0.6816415107725837
0.06294510827215694,0.05438470801822459
0.6657245800099932,0.21457835904958367
0.03898412331588552,0.23235678332860066
0.9121491512781176,0.14402858506631044
0.9401515555559103,0.6621225315785823
0.9146160912363082,0.6875937886485909
0.7368022825817693,0.35390890516420737
0.7449943269274066,0.22127162977106285
0.3824140986690526,0.07420402881289334
0.7246932126345169,0.5751419825664039
0.6657915980044695,0.9117977484765005
0.30139992578748664,0.3764793460374978
0.20442680677537872,0.529283223077512
0.39866970820857306,0.1563688344932338
0.8050346734819124,0.48925540302289383
0.44705440100475746,0.052172557148867926
0.2953956408878252,0.6312648243644441
0.14753570400822402,0.03920290586632469
0.2411134591415386,0.8764442567092828
0.05134235972853318,0.17063573479176242
0.22626461825180555,0.08823886363076572
0.11701089865356717,0.7137108107456288
0.21573670060892158,0.7857921034113835
0.08776890039891005,0.7212555955646375
0.6449308486321571,0.8262978910815509
0.33811893874026133,0.02222005162569063
0.8546490005284819,0.3471474888103335
0.537918029372557,0.5928591003521954
0.6566249148157908,0.7664919650210869
0.6166264799158757,0.22067193416516662
0.3845484773326163,0.7157621254649088
0.5573443071733383,0.3854401572102384
0.7302630797483719,0.5239965481875187
0.7852261221096257,0.6435818769983248
0.39144716458780704,0.11947388846621898
0.8864200257962156,0.8202085425776174
0.8813603307193253,0.051228252693389265
0.02155324598384134,0.7910403876059743
0.07915419640784016,0.5920479086904515
0.7042578863702113,0.18268659369452656
0.5743719044338111,0.8129265614747033
0.6383622385827162,0.7633769938880689
0.2280487763071659,0.9782875662908138
0.8067480904856507,0.9332510046280331
0.20671306068241002,0.4159134882496224
0.37396094269156765,0.5853279072742036
0.7870595899240165,0.5505185590615782
0.926235155771427,0.6889599511341957
0.857496637020381,0.9581378421404028
0.9339177519692416,0.9998054304787614
0.3759806524474325,0.15074007054492922
0.3628247925558906,0.7504329910865928
0.19223198614482284,0.04752094177070065
0.5575817062207186,0.9065984418527836
0.42210734655038296,0.42780737460314044
0.2775706830022385,0.9266637968524369
0.17143632751481164,0.4147889218455403
0.3488005318976062,0.7905146580446529
0.8307888914799664,0.26864818496337084
0.614181185771393,0.3686664368769519
0.052518919670151765,0.0257458531271334
0.4854844907756495,0.33845677489669
0.027536099574223205,0.17752905611306458
0.6960758486427603,0.28712925517000976
0.14734582511581162,0.3682547000822953
0.9001652662128812,0.4694482873183343
0.5344750624000846,0.9764518882058159
0.9798410666476438,0.6797892938761848
0.6195763137112754,0.9839381081595078
0.8438149624503283,0.5053019806375081
0.9321289307381486,0.06277260070327495
0.003971470140891276,0.4926666060764774
0.5472965892748178,0.04705037122576239
0.5595918458711483,0.033139311989944575
0.7474534357798032,0.8572366515940875
0.8526752434655558,0.7184326711041382
0.7764375414611562,0.9213421897640949
0.4555237530023296,0.3338027156109572
0.24160467784979012,0.6663327649657256
0.6531552141459385,0.9835929710748313
0.7932597570640048,0.43378967553713055
0.5708950388771139,0.17022733417522729
0.8033472185266773,0.24110226202957918
0.6790879695077007,0.7016221307903933
0.020328562382746385,0.23710520081618958
0.2927930464147511,0.5217406576803204
0.17286008818696608,0.9075762621545128
0.46812964660463774,0.6697186982070854
0.8661346280211878,0.877481999382052
0.35072097419626846,0.006257602163414422
0.8931008606558342,0.39006977709430024
0.2847032047153307,0.2898528103759609
0.02705025994440624,0.6951506251785375
0.20556826275523876,0.2624181994610435
0.8066472398798985,0.745701868570538
0.3117992280377617,0.42576398705596286
0.5812010711615384,0.824188167759316
0.3862438567707325,0.7558416219488923
0.05902966611102045,0.2271674592306695
0.17543570103351835,0.13513628742888795
0.7581908362963015,0.5421328149751449
0.8504062624896679,0.2109716517233986
0.5910792658901939,0.9404826637154631
0.1858713604261112,0.406678226929022
0.664496322569763,0.7036565263867353
0.5597313586306154,0.36527271700583674
0.23898717759031074,0.9871991074632448
0.018225750371936522,0.3840021643500874
0.5411429871115839,0.3068931490583676
0.06972579844189353,0.6136994786353581
0.6211849479133571,0.9287077483868932
0.10622084744922755,0.8050571254056382
0.9943107808666791,0.17338933351706032
0.6063902221015742,0.47784899510864265
0.19023723514500612,0.5686742735011606
0.6682063436593234,0.9759880391737821
0.35426180253666517,0.28228717865625563
0.6577460022150086,0.06508774465561751
0.4408046800414892,0.1886551871195843
0.6302637994219289,0.027199164859502245
0.07445967408618814,0.056469435039661287
0.8795772653400877,0.09543917604214802
0.9814776756455292,0.7956820577189824
0.7855273132205421,0.658565149412961
0.1989719492982729,0.7874666709477322
0.9939942354652629,0.998467046071421
0.2268804263532881,0.42394919755974236
0.8230188174932054,0.07273287927926819
0.2099304070234449,0.3269065018370336
0.7011053524016811,0.37718088741335765
0.8648188997650565,0.3956773776210023
0.762935782702285,0.742105377298679
0.6539559761543432,0.8721371597303205
0.7118240440740905,0.35405571318497797
0.5340756565026122,0.4540464445421516
0.35368090431506327,0.7906720678434218
0.39860741362307506,0.19903448033536353
0.12677995130195585,0.04950432865161336
0.17015182299665366,0.4744395164742353
0.9422493557834482,0.1143247873853227
0.037027698124525776,0.23003870243788238
0.1739506946522904,0.12340778552660103
0.9988144087429862,0.022883588386506615
0.6606014200850785,0.8094244042865006
0.1901900313681817,0.6112979090304912
0.1886735736198868,0.9397768817858224
0.7563091159116739,0.021045282699769796
0.8055193350255385,0.519015109939088
0.18820968700456642,0.9021499169105781
0.8149019664401652,0.3053314756985961
0.5537149237685967,0.549782477285306
0.37923670436609,0.2949161481451943
0.5754026690524785,0.15438568140459308
0.9797047012352853,0.04575166180460921
0.9103144669958819,0.9723392590697609
0.6158670952056152,0.6251922713257467
0.9886174064716136,0.23927179793815878
0.6692861911213103,0.08139377806320192
0.720008268819259,0.9451764895686633
0.5155137323649808,0.2887169389182337
0.05614422805717334,0.25379422443565913
0.9969979889805959,0.5241750025420508
0.9498992363400938,0.21640301971285092
0.27820262907335314,0.14930778080068596
0.6382285418276202,0.7675868187849579
0.44204165034122467,0.219602973413198
0.35194276267377433,0.20202504549044698
0.2950154013127714,0.1213461118138196
0.3926392773970864,0.7967984832951786
0.8989806716360744,0.6239579672579
0.3530782338047289,0.3944166198963801
0.4874656058245087,0.06192979440692736
0.8864371570434798,0.6759054342036336
0.4100030145968613,0.8267124966182551
0.40230542671773406,0.35880793899785757
0.21572792030816068,0.18407721426149815
0.31440759961831377,0.9194379808857475
0.6649581661867516,0.9557832753350226
0.35440582609128757,0.9277457613918608
0.43408896938848596,0.3612860239334674
0.8570389447823141,0.9725579398296164
0.03105113255399594,0.08473304466671727
0.7494916263141832,0.1223287269530503
0.6231587064764199,0.3846520858665813
0.4145397376505262,0.9493362934647195
0.1149947452206509,0.6839969626692635
0.1895491865790333,0.6186256603630576
0.7556600764689363,0.9925701832780387
0.7353238958946228,0.7106453676327396
0.35126338271840263,0.18056750970531987
0.48397881394957387,0.040555115911195205
0.37100005816783543,0.07326684003216655
0.019191917228610134,0.17224491088041805
0.13373384202961347,0.8247650657104255
0.9135603927220821,0.7928904544143041
0.6100777630520369,0.43583425978211465
0.27047637094146426,0.4584073717184278
0.887907166825732,0.9507015480593024
0.34766207004390626,0.7919558054761483
0.07846564717514748,0.7304567934393045
0.5110399450253024,0.3419796112475957
0.19021690578700423,0.3964471730441572
0.40886957761913223,0.1765529168948058
0.5682252329894925,0.4759405283868089
0.8521451408114826,0.9304566438560679
0.42306679442796513,0.5129275205682956
0.5835698932681069,0.8688519334800386
0.5606598528200445,0.907835941850195
0.9197270532448465,0.36343419473632144
0.27322847236773096,0.19574167288280653
0.44353820839749647,0.025327401909505
0.6354600529228921,0.6197622502315459
0.7422679655143404,0.32852391516947044
0.17303123595110614,0.48062299592373314
0.9169264863750016,0.45177696639336995
0.8846614204846025,0.9120548119679921
0.47842944276564325,0.8112438315236815
0.03586508561003354,0.23727127681154836
0.7744726101679401,0.7228842825446969
0.443326900746114,0.21287012921325865
0.9808990573087637,0.8895171026062664
0.20608754534526197,0.6602237470166143
0.7018010868529242,0.10461168658679887
0.7371551980758406,0.5340683943023772
0.588938291668637,0.5703000873192928
0.9690800030093618,0.77637823524915
0.8877637770701419,0.318253889002857
0.815957180907132,0.3636770757746759
0.9399815806862498,0.8426427417971427
0.9200955851567384,0.5074348150959649
0.39931114971733617,0.8135733331235978
0.4321846802199667,0.9313740428884502
0.9386710690843706,0.7899888055169955
0.5201698822355264,0.565536740083981
0.5792832641141052,0.21380715628591185
0.8902800369348599,0.8366953489586634
0.08159356907257231,0.8726468923580271
0.47323648592068024,0.0736344254784781
0.9527056450200971,0.3494928717264131
0.5361876460869478,0.3647157130255285
0.08652070937784218,0.7300917428694089
0.4249256258760352,0.7192834985898129
0.15710322639550667,0.3455966074440643
0.5484780974871889,0.5387989648834716
0.432714713766693,0.9524160001357745
0.8978999493994065,0.7157441196692035
0.870511682772148,0.4718344192538134
0.28155455580965705,0.7024290540432383
0.4403329521257704,0.8794345592875658
0.4563625004888081,0.20802477055135515
0.9732275186988709,0.7972025377247943
0.9795039677476001,0.7172979539113707
0.958389205373114,0.92831778876775
0.9032459666949697,0.2856365982037159
0.026145319520113675,0.7374063350468603
0.7942366475477431,0.6505428187470925
0.32070021549833516,0.7514972092624504
0.22317001866318742,0.1549012464351739
0.003009414294967705,0.4658105835814267
0.5529579273566031,0.5686284509340307
0.6347924026786891,0.06040049195798236
0.873624006488548,0.4026418104744153
0.39969964377039524,0.25523660529607317
0.13559644820105332,0.4158675887127947
0.45560504797027745,0.5177416649178108
0.8972791067175273,0.6606026407911737
0.49634944836284367,0.7695102968268583
0.9989378235734345,0.3912978888719988
0.8687973523867765,0.7368355598323366
0.5348969301976454,0.3951788842785815
0.8949891254067042,0.5082592417578143
0.8273102840702862,0.057226214291259514
0.9617393893580495,0.8349379459123603
0.3438437150396271,0.9723888400947032
0.8518875057695501,0.32309436702685224
0.7823079948605703,0.0014079323327518267
0.1176847204022502,0.24724675606384805
0.5530443776464629,0.7100850724310119
0.4885933642249818,0.754826620373302
0.03767430628260382,0.7542130060833739
0.7418300832317215,0.5580601966786215
0.6160433226329014,0.9663229838226491
0.1311458652413644,0.20803083104831754
0.5860760584506047,0.9526194770494005
0.013819773160362536,0.6882881980953598
0.5896855099489566,0.4432254808616328
0.6853598622735408,0.03575005028399114
0.8777713104017778,0.2678540615755076
0.2722192035567723,0.7136432118451436
0.9170172426371034,0.32285750271652125
0.8675596862047414,0.6540350398700489
0.5368487233647605,0.7827206126604602
0.9317204360605112,0.23957356634325044
0.8277867349262993,0.36535687264420313
0.015433822030891386,0.32021836444796825
0.03188913465497467,0.3162093074714978
0.8134832049845435,0.13469872586513654
0.8154614613320174,0.1700518956754149
0.8320779138182495,0.5107074922918319
0.9757464303089091,0.625478972976688
0.5409522323889039,0.1761731328110775
0.2876147410162868,0.20280776534479206
0.22508305546404928,0.119240879682599
0.5383390246907794,0.12333781920516862
0.25048384154516445,0.1186908688419629
0.331158261649128,0.26921505539526724
0.722761976194986,0.8363774925948143
0.17882326754280986,0.4574705611789579
0.7023799057171679,0.4019856001890272
0.7006336999686972,0.715274334118254
0.9014521269015082,0.8028024584766634
0.1754192047228903,0.3763929334640558
0.7651157340657613,0.590003917161415
0.07477201943286549,0.4149525044410721
0.9175184799722931,0.1701142773323534
0.01086538945327864,0.3930930648485802
0.20639553124899435,0.6571111810392205
0.8154430788473161,0.1554449659091819
0.9061981407667611,0.5581640595310632
0.5353487293925931,0.1174444800585579
0.8763580481838503,0.2333360894412433
0.15320142792385305,1.3208832378575064E-4
0.24403799958142403,0.16437052372604233
0.6934134735484144,0.9166697072606418
0.7657222730405951,0.11711235777498874
0.8820744816780088,0.21432524386142104
0.7178782975210934,0.9530154882159727
0.4579117065864271,0.047504301581622554
0.945171208045015,0.350570095258839
0.19269274387395086,0.3855958887095656
0.28347223647880426,0.006406515126246015
0.23971691919396065,0.5974213007534888
0.9691822370951266,0.331010413578275
0.712163399646203,0.06023939516076671
0.7985099247260502,0.7939288014110775
0.9641490831728842,0.5793437454349568
0.026408271016575835,0.07290769508766703
0.32236650200472783,0.5901286617801513
0.6251915972238333,0.7574347851964065
0.9608050746310731,0.4137135778776567
0.24680741684762975,0.5831777242893544
0.5740858270991703,0.9811312437037728
0.30162643248593124,0.46543592272493406
0.8285695784676868,0.4998463358312394
0.38310953501226797,0.6557803234562848
0.8774537576896583,0.22532516771726863
0.5306964067529072,0.9893206782817379
0.5827021977887817,0.6959500057626401
0.9775909497262053,0.34708872900873344
0.5891477667969305,0.9786069027118084
0.5566381898373517,0.08105104543758301
0.15305670121809845,0.512677702015683
0.6351490262416138,0.5218011096903665
0.22690179799995558,0.38056222525027117
0.7856741802969618,0.9146082551074727
0.7841506591488876,0.32385355131137694
0.5338799586202807,0.9098775946255003
0.5908468696554902,0.34430587549271907
0.18331526822353095,0.18054629522048038
0.6186308757799477,0.8318055434144281
0.35206028609596685,0.8745055115201268
0.8003797224552995,0.7993508422061715
0.25802592567271687,0.3722736060433487
0.6207577245675843,0.04476953385081073
0.9874077279982333,0.984274779839558
0.04206303320370286,0.09509733068772164
0.45265551232812173,0.1265487178951622
0.09685914580599297,0.3362093115275526
0.9651315083539513,0.7788260194876707
0.6630347569035873,0.415713550206555
0.8617163370303133,0.27937223275465406
0.3187468861165711,0.1208984244130229
0.3972287599935599,0.4541305129045524
0.5235826076141012,0.30170983275496366
0.9201069205790045,0.20552337081909178
0.3140646430737518,0.2392842333964209
0.28899461530865544,0.03031622781656118
0.510117148533099,0.5297519268012991
0.11771299803905844,0.8526408223038753
0.05243672508312014,0.055541980945969516
0.07702561083458437,0.39064150723595403
0.3686500045135672,0.41567766631652125
0.3894946189253087,0.9366587452505787
0.9903201712793867,0.2979403383403012
0.5683129889697276,0.5173093520783527
0.5937276367623001,0.42700732163866895
0.38313768572466333,0.8771891980090203
0.8451604344518318,0.9593102043265158
0.5099924245256797,0.31668298018420094
0.019634318458778832,0.4768805020672324
0.8201119850028327,0.24397015123478327
0.8142744730992266,0.06948029938104838
0.3891889015817217,0.3506264513744606
0.6764851546160152,0.8735270499027467
0.24404640601799932,0.2767936096493542
0.060247762763848134,0.3707267821353848
0.4452616295681061,0.4610474165069208
0.06717755349913412,0.5305340044270649
0.6876397778917,0.09776963902005997
0.8824986772818604,0.5137805889531608
0.9106170713134302,0.6574332858011319
0.864765468324259,0.33948574171550094
0.750131228876477,0.3935593927501919
0.6379400483638328,0.5138301982697412
0.1343345186090027,0.44041503578526997
0.9008372721410652,0.6066638369605005
0.29804086216402936,0.33936413301360446
0.8950332306984877,0.6650122510570207
0.34274028007947566,0.8039622668901913
0.5415569702772479,0.47046540513778445
0.13528902564397394,0.9024732068082095
0.7971722608906093,0.4757388631770767
0.907097076332886,0.5834866077525164
0.12541374184039134,0.9207452712738539
0.18880835044867428,0.2420451377734515
0.9703898639908248,0.36683980150862905
0.9440129551170937,0.7136774085161823
0.6166444487832657,0.8973258809075764
0.8039009918904628,0.14841854076621352
0.1084820468818466,0.19232315656286436
0.7779128991067594,0.648802417160448
0.5608567377636128,0.9710922511052636
0.18328238899360827,0.9150007093264075
0.24564002626163162,0.7759747547542107
0.8616201710416826,0.6606237405631775
0.9756521038677779,0.9005199175877795
0.50972352354609,0.2769182505501411
0.507264037945825,0.6187540339182316
0.9676167208241995,0.42705550686443405
0.7199735383155113,0.6018485263615233
0.08841736750489093,0.39366976707234935
0.553990510941881,0.6937415563094667
0.7804333844114735,0.9721307280095545
0.9148309447462968,0.7326832931874497
0.7239870650889844,0.4108673962538203
0.9079595920078898,0.6084595448485902
0.5248759160048949,0.9441512497254824
0.5570119796901918,0.6216988774142096
0.16465490048337583,0.31763155341862437
0.11042291064265586,0.05809180393964364
0.7219833275939251,0.10755500429515685
0.6470176371271475,0.551657905051389
0.5166907317917473,0.35491788324166684
0.15547747809374013,0.2170035664978749
0.888261982891461,0.31933864362855646
0.05940320172127178,0.4277806036945335
0.6960310229323018,0.020946687458757052
0.7643816170502096,0.446482429682305
0.11987714748275458,0.6669984448848604
0.11488067864679663,0.650385598838016
0.407528148812457,0.4142916854802501
0.9855095091599387,0.7929173846983569
0.05427346784903975,0.19386310261396855
0.14726374370070017,0.4128974733821097
0.14473721841948994,0.3499833080902671
0.44658297768799127,0.9605850728236165
0.6723687108285159,0.7656457558375367
0.06507013779159243,0.003702172545723803
0.38264378552367695,0.9886119449031404
0.7716328912393284,0.8768871055961585
0.07549845690495238,0.683655352579358
0.04696292179640915,0.7751407638901834
0.22946490575088307,0.8964375833834591
0.7255631740503341,0.885574039430876
0.28602826844302365,0.5720530573031177
0.9788075349146932,0.20794753451868175
0.06579721956617712,0.18703930694904902
0.6647892785441523,0.38463136224301875
0.18781375268689104,0.19015057331036445
0.7522162099796463,0.060636634024041625
0.0200895640229517,0.8985333799069594
0.030549583870703056,0.46848404646333786
0.3255726651839854,0.5143381550555963
0.43000518574694535,0.37672940103364083
0.19363756065267668,0.9947621005253615
0.46581131552816113,0.713722209163223
0.652805918236669,0.7781051718368267
0.24163780798226375,0.37470995168034726
0.13595879778353992,0.29464077829266755
0.5863204173791503,0.46247760604397126
0.41206739478004284,0.3451183219259183
0.10017599342283745,0.7444476275522781
0.10164272587322343,0.8742262525105753
0.43790722525928816,0.45087557896613817
0.020768668110418886,0.03532746077454785
0.5132566254591363,0.35618402324723986
0.7908826641655542,0.12136943826847024
0.9362397445095229,0.878197543105259
0.15222062062544073,0.3184049292854285
0.6051779876978933,0.47059175086727834
0.5893975518459278,0.9113778062419988
0.2359534573629195,0.551512336153756
0.8661419133674528,0.8353455844008845
0.6730232540404282,0.42478248363845184
0.22561281623605345,0.0113777803286651
0.9377823484555889,0.44192155719957393
0.041879325777331,0.7983345573380807
0.7828232893372832,0.8089233146542543
0.43039003425560574,0.47498838570459445
0.45218730610398905,0.8807344226403725
0.4169493879800473,0.6616835444494503
0.30357801549464747,0.8897349628084953
0.607634754355151,0.8774819353424541
0.7254071163641319,0.14049361483041933
0.40333387311941327,0.5226197820734326
0.22584385423607223,0.12139915334024098
0.8424984876734025,0.6379267112398601
0.02692034692952827,0.021835301695282916
0.3763963932229677,0.21838692371677315
0.00743128675038085,0.9183233419715335
0.02459084590258298,0.4655982555642042
0.3351137393996275,0.19475459664901962
0.9951680446444435,0.4872047698436506
0.6954283470565431,0.14343338351096024
0.2277557098064601,0.2121760997569584
0.6187616045896279,0.7736267348934358
0.23229715371289017,0.7969678390402671
0.7712980621945917,0.8632841110302325
0.8466863740703595,0.251740850494522
0.03597077651257097,0.059536112125944674
0.1621504427875975,0.038627565809419284
0.08190314661196207,0.34378805021105463
0.3663364933753248,0.7827911219505036
0.5357819569781392,0.9896846397163215
0.6365029855972549,0.02439128478771624
0.5063912460499396,0.9716982994944446
0.28505749833312766,0.40687356141265507
0.6287303780463558,0.8660657812457224
0.27039919721078076,0.5893110488160246
0.357831607509434,0.7073375013200872
0.4823835419318331,0.09045088191707251
0.8896022609056888,0.6508313712930379
0.282708564746459,0.9667110941277232
0.04332391023725424,0.25113003631074327
0.4837867259817419,0.9550547622423228
0.7809605077380216,0.28240906540529265
0.08547362791003699,0.5694893510921001
0.06950310041733898,0.6937573116583882
0.15393517929564227,0.19383331973560058
0.6191316194985547,0.7082624653310692
0.52849857580942,0.22261791832700406
0.3800836787236517,0.8694717892310037
0.8838015384670358,0.3519496091268316
0.5838094132435038,0.6851698517473579
0.19758636864034407,0.17558519245465742
0.6946592988131889,0.30707443420954195
0.5545462561882195,0.5863090568795198
0.40669173322358587,0.19526087242487522
0.17722051628234736,0.6453365093409776
0.7839741152024083,0.20093579319001598
0.37296674220090087,0.3873183960914326
0.30594711590466794,0.8811169784952697
0.5000464580677999,0.7143303588255129
0.5119080956252138,0.6066875529006405
0.6803855448568703,0.154707357953612
0.1689154634751966,0.6123815803379108
0.45287027156551063,0.6872806660947124
0.7349749168898271,0.9822701480740573
0.17717508677451477,0.5051054483580929
0.30493954675851154,0.561461982626254
7.569109307123956E-4,0.11535174167519313
0.987123919437586,0.9933004804919998
0.827930244901706,0.3905270713913471
0.4306932445864242,0.06218328487605462
0.4206739770611857,0.288137664499884
0.04001590077741135,0.7439033000671671
0.8597678451565887,0.5881697069966163
0.37480143719695636,0.6276782732355846
0.3690755982907089,0.9991765113464135
0.1662164836624278,0.19456716150911968
0.026179610852716695,0.27215831805537294
0.10738629856023219,0.4608473691164894
0.028772792955674253,0.672102226110023
0.2670256883539167,8.012951387994516E-4
0.7158423847615027,0.30573381773957065
0.3106066914446143,0.9684228619149259
0.6008104724066805,0.818592845629446
0.449920496771676,0.20443528434067326
0.21719795418427346,0.5742978865093347
0.5927322999249812,0.2237191087408985
0.47882139728155926,0.053139046970621884
0.6420170232120528,0.9083697575282466
0.8942127766062535,0.7510446960765929
0.1754491427735415,0.5578969637888116
0.024156402544247113,0.08127032776783094
0.43336208648104746,0.8960859204414133
0.019942279172572075,0.1787146113953073
0.6143512129166985,0.17094534525478422
0.41222075069186526,0.7771822393414282
0.19908417797376843,0.6996773890412111
0.676302292993534,0.8577890675720943
0.036443183715813565,0.9960838079712504
0.16102954905550348,0.8280058943738593
0.31907588221586636,0.7203621428269376
0.17669670211646615,0.021292536519624372
0.0767983612999148,0.5675363458642027
0.07451169414748371,0.7881255054270281
0.986859956939995,0.5240749175183559
0.7664444691679468,0.5440053955446208
0.6935520387211052,0.6891010109148108
0.9952476442650372,0.5709742978090258
0.4558617643228575,0.7716599371946734
0.9867919635945793,0.5025773400172187
0.4390967086276567,0.9925879507231401
0.719255401737852,0.08375759628329937
0.035417266534541136,0.6365002806939418
0.4597133901941226,0.9420519035303194
0.3099558484184848,0.7853053949896367
0.7151402024495876,0.906290204592486
0.7725638559206943,0.5887470648082441
0.703089307529293,0.6961856754313803
0.8176709204855602,0.7744165526823584
0.4609781623938245,0.02410943236417773
0.9492357555157137,0.7893437502395094
0.7131119143545663,0.17252757164035026
0.6302977411162748,0.20403677873200965
0.977230410738764,0.37184857534434523
0.13298474198612287,0.37464517666854436
0.7939843855552485,0.7261032325450691
0.522984235228816,0.3081694514883976
0.24902182657199223,0.4422943758037057
0.6042933529627211,0.12987044893087762
0.6575700916323646,0.5164708323035435
0.7923116772996779,0.5556020554466443
0.011070072714358004,0.23059510280301743
0.3092352145590016,0.8213119094227629
0.12609096885498317,0.7669177945068628
0.888321279735287,0.9530649743468222
0.05532133970476094,0.5369477353695306
0.6143876708040336,0.47218425015422394
0.90049788818594,0.7873859018274016
0.06138295227168733,0.18975031368161066
0.869329269653234,0.30484830524531403
0.8107489458072475,0.31477035358575145
0.36618364743333764,0.03665416534608912
0.344911442214097,0.21164675151955603
0.5906523408416579,0.5005398113443316
0.8639658506501541,2.6926240249858235E-4
0.5049170592187359,0.9561529745484708
0.18601082249306933,0.3081814536719101
0.7102845395413269,0.5570530027549767
0.049570646880048086,0.7374934849809053
0.7381436007201861,0.9548169445795268
0.5999650314907079,0.8748707093371044
0.5933931987473351,0.12849181839569146
0.13358059566061709,0.7417846201997457
0.22051931307278416,0.7392779389478426
0.8299332691344032,0.7092284450948831
0.8174962907555687,0.1659626993189417
0.019117278032191654,0.31631316047611324
0.04506493011637647,0.36291781712081805
0.3926946489094315,0.9513392658484621
0.8097955343611716,0.04225368677759833
0.7049959819569522,0.9625276792072406
0.712224798208387,0.26466771188710814
0.3800813031707072,0.794950001938731
0.39586014104728373,0.2324692460359189
0.6878368460848632,0.6904306358358366
0.5984082536430603,0.8731087062724889
0.5091779634890364,0.22816352500312476
0.9963937362190988,0.37529471401079817
0.2784607601367195,0.34613443451960224
0.5170421106558291,0.7060683073162668
0.9384272766425821,0.9961096814526311
0.11760599207799605,0.304111522877588
0.5112462410267665,0.9316957535816529
0.3022671602820233,0.955590363286116
0.3424598668347947,0.7860138151456909
0.989353463271802,0.5998975097771976
0.1931570498555346,0.24144556199484335
0.32601213803094353,0.5001619999697913
0.19850356751950438,0.04134507224215733
0.48573184485468146,0.6598353014817063
0.6889148498192229,0.3798123173304484
0.8508862555936211,0.6551663590439782
0.5593319072686239,0.05637044290061666
0.4652227909195895,0.025934130110500497
0.4005791386064871,0.6595329588097083
0.783913245840117,0.0638330959706338
0.6905448158727389,0.7700572616110803
0.6903427810103377,0.5915555078872268
0.3125112502368429,0.9258707866314368
0.39357443465816055,0.29694837125740203
0.5427725101140637,0.9058622253334639
0.9203209951184872,0.7768638720735674
0.8872247902607289,0.8094207852988681
0.3758415888013682,0.3857081857120013
0.7581725036941536,0.5668563495635276
0.8039046700483437,0.5236926156890321
0.5861479836729526,0.6749344032196148
0.24540868678786054,0.1257719048027367
0.6501488123094729,0.30286797614588645
0.7511898447392077,0.4883409824486704
0.54245968165343,0.30159849130311633
0.17684264493190205,0.7858317777964764
0.18160772025694494,0.4746192073297901
0.3583130351467556,0.8474990567370425
0.8648062727200317,0.350763396751708
0.6059025934454887,0.5180165637018141
0.9321049807276878,0.22764299845451375
0.4751318524817162,0.7706606811980296
0.6287749003390033,0.8715682524472693
0.3487988985760101,0.44238534171476795
0.9184883594124659,0.04534445090863504
0.5257379032742171,0.6344890695143639
0.9375795579916898,0.24509972445835593
0.5652419789349106,0.6888350241824125
0.160508285113926,0.5908000995590797
0.5038104136332546,0.49596356173389966
0.12388296929147413,0.8833731836849313
0.3591775436363712,0.8648347790976947
0.2114715214369629,0.07899479245051533
0.5072828199198194,0.032144920633589535
0.4450612242698645,0.659989306238841
0.2579646825821701,0.029364468558181644
0.13354534979530364,0.8759469909218883
0.6803534201315947,0.40252923708395194
0.7470536466472382,0.7654960183634903
0.042169322770234774,0.8612020153680968
0.8858404646680229,0.11658617870087962
0.7265925160002706,0.7557969826006834
0.2929254669279091,0.1318438844268407
0.05747832559980093,0.7765786911059203
0.7708130649341315,0.34788778033222423
0.6258725146203791,0.5128653022927525
0.5529215402020012,0.3703254936196335
0.4590489856099349,0.7120889364229473
0.6889975564955528,0.9485354364636924
0.4628946482548284,0.44628736687748816
0.34763310203327935,0.908762510482427
0.9894914840689538,0.4029598930381817
0.32160845060306065,0.12100268620751053
0.912985240171129,0.9929499907061543
0.5943734757685419,0.3858313651324301
0.380633658892622,0.15893685131705682
0.18781935226942537,0.6467121557425936
0.7930395353648458,0.29593415519716126
0.7508791315172418,0.7893957216191414
0.5612124243291063,0.4689255295422323
0.1176899522799093,0.23177241183786157
0.744706797635049,0.7488046754969301
0.577825734235239,0.2172623660502202
0.7673351692416974,0.08059451024082265
0.2685201618577848,0.46623317856714874
0.32043517893126017,0.8553744896183872
0.5149074054948793,0.3973420630153729
0.17035895935706014,0.7803682941596586
0.3774541301579324,0.35267821357589346
0.831015883795875,0.20581399572856596
0.5855506327761393,0.8507808683538756
0.1063083583143738,0.18907462721118484
0.12930758708799894,0.5032299429982957
0.3005213933702291,0.9506609085050578
0.5895479355651744,0.7302237979197213
0.3154075474889415,0.4464521988332253
0.7246820168860783,0.5895158609141026
0.56360222860344,0.24291611835289595
0.45015423644403807,0.6778755144980998
0.5349391827995729,0.31267154573932165
0.6583612281755488,0.6030706661300708
0.05036702895629619,0.8880002116229203
0.0647371211675023,0.49918049550127375
0.3183297680765784,0.16046565559043202
0.9903202479783817,0.11187588822746863
0.8181702736126041,0.9077630257158253
0.4311400469544141,0.883427273483045
0.18255442923145704,0.8499197246411564
0.6904777581805257,0.8100510543574886
0.21133520090717894,0.17804341903673804
0.22326024778879727,0.4895433620569205
0.07566941808073413,0.8625925513789008
0.9439678375562177,0.42775502567217427
0.8602871095491805,0.4829235217014459
0.6860003809029996,0.913729851405211
0.029074770089073554,0.19767531349554168
0.35802319627891,0.07556457724086785
0.7511775474121333,0.20576184328285718
0.25620671270970086,0.5878052092426412
0.8085435928096235,0.4080291920981475
0.4119281714332963,0.4454713302039087
0.5835672198227072,0.9504838612163506
0.37141844051090955,0.6458472191164651
0.020956859548847073,0.12474812367220489
0.24606848250042856,0.5420463282782033
0.9467793980251494,0.4822797385362674
0.2127517003399757,0.5927650388172625
0.2657712096486865,0.9170877843303751
0.11929581461000616,0.15310407314507635
0.9818730798517467,0.6795854939256861
0.6303400523089154,0.43355670815725544
0.5766481600348622,0.022234723584959815
0.9058506558435637,0.9070287359924227
0.04140451257396538,0.30978480806365416
0.4146352131886658,0.35203203198779753
0.8630189127068767,3.649844900833754E-4
0.6135697435582658,0.9407196562527022
0.4031610794772428,0.8009717456789543
0.7378740986002968,0.5492552878665409
0.8632628026019353,0.3768579531789964
0.05978850827320592,0.814341626779631
0.8683157577766473,0.10586679495073614
0.6277978203639755,0.603532556498332
0.6628708159256709,0.04771492392113463
0.3570284137428701,0.8322957952301686
0.31932501871758934,0.8634729069987676
0.5806260343509602,0.2937061500911998
0.7607576293941031,0.14591630609263073
0.8005944306091227,0.5273911427069833
0.9876759809666616,0.8412537577150633
0.46370542130096504,0.604934739352338
0.25949133409181835,0.7910198237277863
0.34416002373801147,0.8927458346239477
0.7658570382443699,0.23243705917345314
0.0727605968812447,0.4914451425011168
0.8608176039034355,0.041972538360436795
0.9580789707264562,0.09034552077867242
0.3118453214837418,0.8145099660247366
0.9499316186014638,0.06615143280870128
0.18072438908583566,0.0788532889351129
0.18717228240700146,0.20075915605360217
0.6980723319473001,0.23423260454906558
0.3793497656022278,0.16090419851592141
0.7217929238184114,0.330287225933968
0.6432378793080216,0.8029980444549469
0.2282647711745457,0.017572566687396707
0.19836786218948266,0.233172586617587
0.10519846272320899,0.5426840522335814
0.23689239973903442,0.5522266617147311
0.047721383292066655,0.7067931404678834
0.6266796104201775,0.7975918767049232
0.8326267641557139,0.8371662057837754
0.32573342282525863,0.22035303365066783
0.7059293294351149,0.2999141604492248
0.43778657869067106,0.0622720015504602
0.9463275903716407,0.04183189559091638
0.426528724936859,0.29622988956268803
0.4622755952070131,0.8729369845615977
0.1849053498326385,0.6181556801567012
0.7030477801229005,0.7947462151119429
0.10696403330507054,0.6816307911672781
0.8108114235469154,0.09736833845164505
0.2731839638076484,0.07442708397448405
0.6346018926559643,0.26280372860301515
0.7240934543861567,0.5093491359933269
0.8484911470502586,0.16841327209127
0.8421718282688578,0.03316305262733288
0.25748504161267693,0.09874979765430503
0.583446903252687,0.632170947380607
0.013720776072612906,0.687528219757495
0.6588910383573489,0.6264231424224571
0.06599434739270882,0.20837375858367224
0.6953897834440271,0.5728704258414457
0.1542098118420654,0.33506389021749217
0.3446509859773762,0.433750700942642
0.14444870589272552,0.9191312366930855
0.5599591917320025,0.14316981003078388
0.37491764058335897,0.8305631215756898
0.3862294790270506,0.12442398773068242
0.8589167687167449,0.6601945284605196
0.9534878414790231,0.9771301579353682
0.3443169748729399,0.5544792537908253
0.7521245650794551,0.3623878719356812
0.0784148335768482,0.6397671124810475
0.05973628513540996,0.5634373074031346
0.24887367393714577,0.13814329456416885
0.6556710642413045,0.6979019036156593
0.16105168841932993,0.22786379077515695
0.33373559189967317,0.18304233964901517
0.8132083568091104,0.154677202584922
0.8705662547180562,0.003983599100745416
0.2442097327252729,0.3162489654803702
0.1994921280512697,0.5705775268973036
0.4412021074459058,0.757647002253166
0.7804328625739189,0.3950314747893734
0.6514787605692901,0.42905031272829375
0.15170810077211794,0.07864536622557838
0.1872019343357202,0.40760100776993036
0.3570916784746251,0.920559303028167
0.8479149942284403,0.7281889002525003
0.9639110341993735,0.8772755909888789
0.14729269066434625,0.3178980769499157
0.8885790219081497,0.11646626209168531
0.4217473424477075,0.3488547730203273
0.039772160363554354,0.993240982084794
0.13596127089804388,0.34495468494910175
0.5974361522011903,0.027950352700956915
0.9822009192125417,0.22706102544099604
0.1457869341493675,0.332360076801292
0.5820270505850743,0.5224307303336765
0.5208638554328092,0.13042743823788594
0.08801624450238832,0.47597555781496403
0.4284895638472933,0.11187680158795088
0.004780013943139982,0.7890266098764095
0.21410254124761474,0.5946093588075169
0.75019234688322,0.6074131771735823
0.17395557150307617,0.04203278336203908
0.5307067182880747,0.5186671945287092
0.2342821927230293,0.35771389921868213
0.8560849003667595,0.5856759628662552
0.6898945823645901,0.7199361106275393
0.2963292877214845,0.7774584237647097
0.9388277679966888,0.9936201239525244
0.33613802048439845,0.9330327961896294
0.173660259660953,0.4158668692188062
0.3944815274311605,0.6087747486248112
0.13677809819016695,0.013553858351170067
0.6309172455533332,0.427254188811675
0.47274291697261506,0.5255192199480601
0.15601473246131092,0.41441016329619584
0.9187884748663235,0.6204206509598222
0.6542418057640177,0.055032071896548906
0.5418065333772318,0.6320561966039736
0.5765771958062796,0.3793187149463826
0.05363566879256354,0.7490203245674248
0.5466823274045366,0.5318073373007769
0.33550654789181933,0.6368687423269206
0.09810499304741305,0.9841380398437278
0.8033259025599803,0.004493952801599921
0.26590808530384236,0.963922978959782
0.368497030838409,0.8727359769102689
0.7372715342119238,0.6645564671024737
0.38718052206995934,0.47185680630710247
0.7087325809353053,0.1993214291991422
0.3855641883883901,0.22235108117308366
0.490864422190058,0.17668520956303801
0.7582171142610338,0.024238949343787453
0.14621811643807203,0.365284746828458
0.9912998024615077,0.9957361179772038
0.8981748631349655,0.1755883668181457
0.7755956775012552,0.12675198133927812
0.0724240362703722,0.07040649307647351
0.39296013283772013,0.6433745564002058
0.8108309691941165,0.003987838890690432
0.6735886107465057,0.027069847248006318
0.023244999413729706,0.3557907221016726
0.6164765095751245,0.12735393873674816
0.8475219179565452,0.6738650721838573
0.3585853399178671,0.08319152545382602
0.1326003100075045,0.9886705180723335
0.9794157048604547,0.7961479230381951
0.5730973644393198,0.31622218045414174
0.8376766180147499,0.7991880938894158
0.45456441654136426,0.3637438195921221
0.1861300973871407,0.6089853644128886
0.5451009118537152,0.328700706546175
0.5860715857532443,0.48538287348657394
0.7425969704562454,0.9738896658555201
0.3238651203958046,0.15741288296540656
0.1984069060715895,0.32021073499583685
0.055972697831836116,0.9490628327279056
0.04109769548439168,0.060669187191725316
0.31763374744893935,0.5219163115049773
0.9463896329795687,0.7727984222036542
0.6153256850269899,0.14084958060871788
0.39348625841816587,0.4439055138799063
0.0317892108704354,0.4164784850580109
0.48814269029799984,0.6983767042006364
0.29972697277669047,0.22194917061179842
0.465945756634384,0.3424518982486674
0.8579528271598784,0.4410298868511495
0.7034717918148911,0.13217839163410727
0.3845008136166418,0.4181895957315045
0.6367407211071829,0.10131749051514893
0.038887831115083094,0.9811394624420609
0.11508923658895998,0.8368030672245482
0.9757920829722798,0.1267208571748374
0.9126805428087981,0.1855695105144355
0.7645694049110127,0.4265755222718499
0.9077291225022934,0.48726246122254413
0.6541482223792426,0.6890100891077277
0.10494126501258683,0.5252044857069872
0.7404076696365842,0.9325939213738973
0.9962822170430123,0.04265634149459396
0.5622476698203582,0.28543683602239267
0.37743739566996537,0.1306202813562004
0.5421950563993971,0.67744025917469
0.1813878101961971,0.6473972108169745
0.1995529294009769,0.20692616088116034
0.14438235336086291,3.808462486593056E-4
0.794174184623023,0.5579451384919998
0.0011082914050755122,0.5506001447488351
0.5299164300301886,0.045954350033165614
0.953888563578936,0.3288365382136883
0.013098720006379683,0.1384650319609254
0.22294740453575868,0.812564748133339
0.12403067482890151,0.31620422029634165
0.5544353129980941,0.8357815677801833
0.9933529571207697,0.1961985791401415
0.5908900251875255,0.49296812649215305
0.6310001025942912,0.4229802387207784
0.13339378907508748,0.4989161264177199
0.4366408413080143,0.5819654808023268
0.709562803068324,0.16033009015784994
0.9960295964417376,0.7005176814986449
0.05307059899191091,0.052363618277540436
0.5221816869424148,0.7363591472152266
0.11045574597456342,0.024349385290720837
0.5217561072013485,0.5210984407081427
0.7764058222182127,0.8062628245706279
0.17561721813528086,0.0340841336400195
0.5360018761761166,0.5115265281994499
0.5704910621674397,0.29363002125471316
0.7622240094377051,0.5149787656562091
0.2867800666882233,0.5639201909244942
0.03611523203361877,0.7638609592110481
0.46954605281494344,0.8497025117494059
0.6662325807936536,0.7994071041849662
0.3053396776058638,0.6478688477992123
0.4193592682083881,0.615025863987903
0.3546941663105979,0.664853297929442
0.9489037274331305,0.44744694371056937
0.9228572611989182,0.43063726296330584
0.023027434224910492,0.9242676751893575
0.08376764497110845,0.21802537800903832
0.6925054776416933,0.5167602670280562
0.25025973120875433,0.11944179466634564
0.8211959838532468,0.6715725652330966
0.3853860400170135,0.07804305865344419
0.9240506961394194,0.086817184107707
0.542766351591635,0.7721149434833419
0.6168026886500453,0.8341739998649469
0.4545063272743728,0.8888311477970877
0.9280909504526991,0.9737935569841576
0.1881190549077536,0.9005260399673863
0.5513123566852155,0.1325020151685955
0.5945085813413635,0.5482821805025851
0.7636943719232108,0.49804485123526954
0.4022865138403645,0.07152009302877738
0.47285870117284723,0.48973237215179233
0.5300538221922076,0.6991228144181547
0.8761631638796916,0.7743346500739557
0.9079118201146857,0.7621017304948783
0.11633732836258381,0.5275683770827683
0.029038853210891835,0.7323268578831462
0.3301695369619292,0.6976167105529438
0.3764460017097532,0.9332607222455226
0.3633086761978227,0.16523336349877626
0.0015524059084650599,0.47996532256723357
0.6676978368983378,0.8827498135022052
0.08211146800357583,0.7161261793755317
0.5630448472167738,0.7593786427798029
0.7601971488733493,0.06610872350015429
0.06899086835646584,0.5180667209827021
0.6002406382645008,0.8836249658013512
0.3773241425653664,0.5120013202203485
0.723222025599634,0.06223234515381326
0.45100422220566605,0.10822856135415171
0.01718063607692777,0.9712342677976221
0.9886863720882884,0.9980608409517229
0.9926059777417153,0.8701947109577872
0.18125570748428288,0.4523733677664634
0.7845890920833856,0.6962713408996297
0.6194671214519901,0.8544363463238185
0.0780916424607202,0.42668482382713435
0.18252138029667409,0.7678620604079561
0.35352432895973196,0.9640736980346418
0.3697426350874371,0.7664414087283031
0.7682553600261008,0.5769032589224793
0.11770780217867727,0.889686808918242
0.9613739475890937,0.04934076620625649
0.14482430729323637,0.42126017554425643
0.9595943434363248,0.7856062504404577
0.5725582074558875,0.4400281595990656
0.46572151588336297,0.019325636753456
0.13865407840513755,0.16795047729742574
0.8159616364504573,0.09161920043215599
0.6415743698693958,0.1430834840068993
0.06033606297430205,0.26638512597650654
0.7599918130281028,0.6469602205263518
0.48776633333720254,0.015257572793964003
0.59263838083696,0.01364599907611408
0.2639770077252207,0.6556676145173713
0.7538753966583541,0.9463558815936491
0.16582742295094954,0.25042436740666774
0.40889942423477255,0.9767748820679178
0.6440757002592218,0.5375404375627756
0.4191339461802568,0.24842025311843818
0.8912267160820551,0.1322362896505439
0.18490154746221144,0.35423837429388993
0.8540406927878847,0.25286070208742684
0.19476429307423293,0.13451520579585574
0.564763730776536,0.1730752456902923
0.44417261276346587,0.16414834102653542
0.6521083522934515,0.47940669228197685
0.4294784243397075,0.49764743100256326
0.017478041527528854,0.6413548774019604
0.7165771109206802,0.9503721098010809
0.2079712665382708,0.16965583877922463
0.6940122970984172,0.20933971987831168
0.9045984960708555,0.3185279275046039
0.4310049116053538,0.046985375358442605
0.8417187568756017,0.389447062489249
0.9838868682518974,0.43629132127060566
0.3163379521604638,0.1463406912280738
0.29663043629417774,0.7624446797669882
0.7469110763559663,0.8847606366769295
0.18734528178540322,0.9631923333917768
0.42488294259783843,0.9725749393940123
0.6420874717325193,0.7410063006452186
0.08413380538123716,0.41420731653693776
0.6841418280321315,0.4738785950003592
0.21977101672938304,0.9426592889894724
0.10959117001950691,0.27092726586291094
0.7024681435578845,0.7983055441781644
0.5827240199284331,0.4904333587613916
0.8128262807139347,0.05640655159582453
0.35995273627804236,0.7551677425320672
0.28757224364866896,0.20709277977994023
0.931562393845206,0.17725798166619566
0.8837190095238714,0.04722604494586857
0.7610835131394313,0.55907281640889
0.5963172416033706,0.4905347591117679
0.5864955738824589,0.746465014650842
0.37722331157655664,0.41127933580086706
0.7714032594949319,0.6519882299118536
0.8431177261535614,0.6468117821120408
0.9953488173602948,0.1590329547268674
0.6231848008855578,0.14776209118687622
0.47068658825636933,0.3004625698226353
0.5312509585874385,0.05169841143852083
0.20986804086245758,0.4255816007778691
0.7600348794625477,0.24013476695296532
0.7085497938340131,0.18637506897656786
0.24750169468561622,0.15327286245952154
0.8020343303571257,0.057270932919940565
0.7209184889175524,0.23045436694319532
0.9620543102134413,0.10576434521988032
0.3014223488624399,0.9881462856665102
0.861087084647688,0.3653795376067617
0.2987665907940179,0.3094477719949438
0.7097452428186891,0.0982027090466624
0.9826317960516574,0.48819735803092945
0.3112115874936172,0.0650153938079473
0.9146093855094427,0.5468356154656052
0.18061551825796296,0.2927934175690833
0.07461787680328669,0.3282015256502471
0.10770143184910552,0.43600813894227564
0.8758219225646108,0.46232404721665443
0.8206796913863903,0.11509879641100429
0.6836648625085542,0.4657500285391303
0.6249137775849176,0.2990749947675324
0.7725476176431274,0.6764741451123485
0.8088369039379772,0.6867459867364588
0.6031416606633925,0.107749761596582
0.8666084638291333,0.5844980193173276
0.7521650743327063,0.9826526878142122
0.34308885313062476,0.2543369579079523
0.674921240388205,0.8101162275498296
0.06468129988455795,0.7936701114767533
0.8228664355572927,0.525133639257898
0.18522392024882617,0.7649093548830127
0.4172164795102614,0.5242361113967178
0.6260279896649638,0.6948505542653103
0.5058442511200726,0.6160709522848695
0.6946542517444378,0.18948450446337262
0.8815328572960275,0.25934603089608155
0.32468689251674865,0.7372061734782175
0.9708711327040144,0.2963513415679221
0.665908392777018,0.006253448904416481
0.4261274829513815,0.8847117599587944
0.4571583593994468,0.8290053582596015
0.30668021259546807,0.7273579461853894
0.12372901692134952,0.49765339084459415
0.5108395290897916,0.6215943860979575
0.39966614013785584,0.11639472176382415
0.07196000262211621,0.18274296529157363
0.3314955393661154,0.12292667075952068
0.1282856179006021,0.3472698739587967
0.05795173867200598,0.6627141111932195
0.6112487960377194,0.9474870357411932
0.4866207822373356,0.9574797681012093
0.5208988270590431,0.9889504181904758
0.5540840037184854,0.9152992341427078
0.552091650002689,0.7892604258543932
0.3855426240703481,0.5852746296576326
0.7299196192268524,0.653340765768124
0.3468040557698848,0.43043092622061574
0.6761798026858286,0.6773575763231893
0.3346088000936942,0.47480602006975026
0.21756280777964065,0.4966259721627535
0.7892596700073763,0.5641886874172498
0.36488613899011013,0.28100783171694566
0.8505614519817646,0.14939843433730626
0.7612225986217622,0.6345646097231379
0.2995127608332675,0.8036938826347841
0.9997320468042569,0.7146451807597246
0.15581035081310812,0.4371309500942585
0.6611095419304834,0.5811346343275751
0.4116532667397069,0.3568793077187198
0.3080755384038495,0.6670588536920892
0.9880016344755422,0.2391905473553304
0.41628024257522467,0.5635695335892419
0.596828915642422,0.9009192755694767
0.06567471605516872,0.7599590375371914
0.07055357864388023,0.48916972945287984
0.7819037273140975,0.5100015153760984
0.15320177955459213,0.39799904079393944
0.4669716095939358,0.9717478729167787
0.9879378411660941,0.6467111467329533
0.9907153476143661,0.56893614884849
0.013880532349816677,0.9783481649946733
0.6421808836240536,0.9740302452266149
0.43949667614758925,0.06553909672473612
0.5387192550671963,0.0682061353443918
0.19527401550906487,0.5863936910541053
0.058901618848510195,0.49622013002283205
0.6030499834251803,0.012780768548403487
0.8125763326069515,0.18500632438622955
0.9074826095380283,0.025457432752465148
0.5300319989892608,0.4802028073439334
0.5777494265049122,0.8421384799155602
0.9088072987772623,1.335201689792731E-4
0.2979233211403386,0.3255966106554391
0.6076794438444098,0.6989514843600738
0.10344536318104136,0.9805770540435357
0.9025267642128825,0.6266919716136684
0.17409090325487686,0.2602941323121687
0.24335312816693888,0.47297752506161383
0.20645391696565252,0.6925524501640573
0.3214573031659017,0.7086795046290763
0.1721510153980631,0.7467094152131205
0.0913069621339283,0.7284511161325485
0.9239067113928446,0.25665477477457566
0.8433608748432821,0.2919190808960318
0.2751767741964476,0.14163362424206372
0.863897396496382,0.39386897138843646
0.16075105729333683,0.4881977092952695
0.8231663126693685,0.8243438101700531
0.35350706535774046,0.2394930551763732
0.47892338358927844,0.7141142609089967
0.6086320800884792,0.08835286490845407
0.36831835892244236,0.3929616493106931
0.8742236833666818,0.48988494141221994
0.6362263841265714,0.24365628488113844
0.49306718211179823,0.019577762505358476
0.9040906476169871,0.7961273092466518
0.17384063360858137,0.9893337975092592
0.74822284856565,0.226126587390021
0.5913991445521436,0.14494076012728307
0.9910826911959416,0.05485424110286663
0.6495684834264696,0.6489278588519903
0.23835924327650604,0.20040415836800363
0.09385238330327839,0.5916696441629196
0.22203684999078543,0.4432446489413444
0.008057203573090699,0.11020605905552594
0.37624478371792547,0.5836206209451036
0.018941367210386417,0.4100744897298657
0.3353421046793633,0.9566699837892695
0.730237474331266,0.3929502834687679
0.7819279513455764,0.3448963621334369
0.3087349480435364,0.6410237052283775
0.996083589875883,0.5735163989150823
0.5882549423891307,0.23217303111737875
0.9609357071168861,0.5849539344643628
0.24240684192154616,0.470363215152803
0.7363501024458657,0.7226207450927716
0.9855856512014697,0.19553466526239038
0.43422501495878074,0.6936515165595861
0.4722831266852393,0.9183368956361763
0.7250717071474675,0.10241238566072342
0.9101436910792187,0.3132837782921901
0.6200818841024431,0.08778936678654081
0.27183286999157286,0.9505199667961335
0.08185802997779645,0.024519652937393444
0.7560082864782689,0.6878848325235706
0.1974021328972747,0.16455742278442287
0.23655250885068135,0.36813416462792803
0.5841857369951785,0.9091922650630274
0.1614490604752653,0.7045800445058038
0.37566772711505936,0.49382525897490304
0.5198402045298344,0.9440859214701081
0.593462596436501,0.47102143336636515
0.39477367362332894,0.04533262330846399
0.8551770329599085,0.10568976177704159
0.8704745301182355,0.32455145374528804
0.3719674971340975,0.07285634200354152
0.2511723775016471,0.46038979690978765
0.146035546347279,0.3362473100790224
0.6649223499135837,0.11879111961479039
0.7273710957820918,0.6504397450336107
0.3724172483501045,0.6165532607977127
0.8343734728360389,0.7731426698272802
0.6644300799507709,0.5857633256067561
0.3097600633104909,0.09611143034143632
0.7987069242313505,0.07796943462153882
0.668180737987636,0.24146139039896508
0.3236881784924026,0.06515363529214957
0.3949025682338012,0.5864297278517377
0.8207308938455015,0.35320110674473904
0.4800844143922378,0.08346696409482046
0.9937617595553848,0.5506250560545948
0.7970297342446678,0.03545179181611968
0.1348357432189461,0.9190292563946364
0.06260552664140806,0.02227307435639103
0.6842824032918509,0.822841493797076
0.7341609383056432,0.17829517758479563
0.2836100017533433,0.6454596399869367
0.6969001020557316,0.06343208395569977
0.871113562343698,0.20990953895031295
0.9981162302807455,0.46534737776537205
0.3593510913680964,0.6565727317768104
0.7019778659886537,0.3647371635768605
0.8975970468830353,0.9925985987338736
0.31531814773133715,0.030411347454730175
0.37559113299415414,0.16212868354489662
0.7696556466373055,0.8618645651853258
0.1026560505401316,0.24657241516241724
0.882896288005452,0.9302459067529801
0.1941120684515769,0.9731034397408741
0.13278593091843804,0.14125031676959932
0.37571911436402583,0.6066130883374755
0.1350714670793537,0.8129288509727008
0.1704596706101349,0.21578435827204456
0.8276379059132817,0.7693471977180334
0.07345358382140343,0.355699307087347
0.7951159732477396,0.6087457654452749
0.7724151663755455,0.19107227994459408
0.5144573371189394,0.5694390323351317
0.34884730131563135,0.13325011528520592
0.3967321301899801,0.6609241219714869
0.09973206921550337,0.9469749491773455
0.2795167562953076,0.010779423249309583
0.46045437358009467,0.14754121957175925
0.5424210863099265,0.35909507160383636
0.35330651445879835,0.4507673760932067
0.27659437116260055,0.8601347116963476
0.253089030479968,0.1361214900033837
0.03189297485601639,0.9709348036742551
0.3174981636296311,0.9832278290789195
0.9680423622363313,0.4101902081073149
0.5267682282302053,0.30698201171409845
0.046545571019841026,0.16289329482240078
0.8758647536922842,0.5824669634851398
0.9781190890209052,0.46954498444798587
0.29685379672122936,0.9920894913294412
0.8010428869378605,0.7974919573430626
0.16160834116543799,0.1007242717623884
0.47239521215033853,0.7814155599926211
0.46382945929505626,0.11711081000661983
0.4349522154947205,0.9599769156949354
0.32919471876342166,0.1239973569406847
0.36331123282141276,0.9171655591970934
0.4923500618443545,0.6947888015413942
0.2039885128540846,0.47382140848052656
0.7657094667882534,0.7774851865067077
0.6193632844002147,0.24130450366834355
0.03128879388683414,0.7681052608174439
0.35281473369272276,0.36387893218399325
0.32850028679361787,0.8848600628494272
0.9402941808174865,0.6897012155402392
0.5306992434638595,0.008432108721667664
0.07154694243944726,0.9148136140052344
0.30720045736018176,0.6970538088152697
0.4329932011572136,0.13073093360501875
0.27532196151459576,0.5490368947220648
0.21847646341786486,0.43461875613383827
0.10215586794175835,0.15584953209247332
0.11484484178135868,0.23541367391478185
0.16955091728741312,0.12805092866854328
0.5558546094306269,0.09747315034704807
0.9797633767527891,0.8624805450079448
0.2445231672390179,0.8088648774472591
0.5423482646455041,0.37810869552674664
0.3000256931917643,0.47618448947967507
0.7908238562081613,0.1289394455159354
0.7877926883636258,0.2021149010485207
0.6276664934186592,0.038438913987682066
0.5276060311514572,0.1365152236742504
0.4884664836883762,0.3553899564531361
0.5189942801560757,0.620466207942435
0.7222163096464906,0.9609216090380903
0.24068484099735488,0.8483883336411931
8.341956397570627E-4,0.25377459676533975
0.5867991116676333,0.6280074723719102
0.36976717533652437,0.4679850581068492
0.6781288063813503,0.9529899704819648
0.1128978220293646,0.40418503766941294
0.2031783213677908,0.800949259245187
0.4052930149092221,0.8113987579765808
0.5764402781684346,0.9062249109518178
0.02607356085565793,0.5731029646608465
0.926086294411986,0.7274508137573314
0.6418056055215781,0.6910601835804195
0.8695799275306058,0.26523696878888126
0.9928862127602133,0.5425605548810142
0.5385678755108174,0.001684999510263796
0.23734301573457917,0.10049421396461056
0.6008796441662365,0.13868556263822496
0.562979654834839,0.45274451836600027
0.00220743564942949,0.007498568457708132
0.2934122220830605,0.482874391337316
0.08199222470598211,0.5115734576195251
0.058106514613364246,0.2579204204541994
0.4218719333555878,0.012909640841516468
0.720628289533071,0.9953276803871842
0.458801093848739,0.7606789603848815
0.7354804379827753,0.34927888570952015
0.2193819993443975,0.6736947034833105
0.7251301100674578,0.7623317438070061
0.6140614862593069,0.6772945974031896
0.379132744133849,0.15639236739293705
0.4175755217346816,0.589726642990794
0.3744728840884589,0.10326882740694521
0.6156209825542767,0.7057537484804802
0.15335850318530408,0.8076701945716729
0.9439197280298304,0.043820133970733255
0.709785424704159,0.24690844069656737
0.31083038178614153,0.8350147655959297
0.7769262876730512,0.38933286435291903
0.07112321264072952,0.9781242144583027
0.4563916702430978,0.3789724327890033
0.631902321839072,0.4718204458068316
0.09227031000485164,0.9130521510974992
0.8346723975198879,0.8287491426710821
0.23529695995103195,0.9692931327303959
0.4465912344326253,0.5809537487604697
0.6802255296180096,0.43583077874935916
0.6176391431065831,0.7265216033006624
0.5016122847046915,0.8807693722897596
0.28877448642124426,0.8910358365179358
0.7531825547367387,0.18978050677863756
0.6758840061015239,0.3807876910924123
0.6671609488973909,0.6589088263331666
0.4276608650805144,0.828312156450735
0.4609024716015159,0.1261711147685033
0.8034700279201907,0.3618344222881904
0.7883348052738356,0.48333018983662457
0.07794580408200902,0.5315680135846558
0.7168644944824832,0.0847848172370409
0.7154397891000346,0.21278719535938428
0.36017297941238857,0.05494750423733108
0.8385734315926957,0.8550443098974874
0.8696562348007852,0.7137544863904864
0.43924605789630067,0.7947458361031478
0.36769625510169823,0.19642140985069978
0.6837881554515891,0.27558672888377767
0.906949874275094,0.6443229527544091
0.5160720444046449,0.6442441302122202
0.4826412412717046,0.8889266622750831
0.39139771830548686,0.18161875385811455
0.1997281121022273,0.3000807470931859
0.14411539504516824,0.23343677951692499
0.2712408109903215,0.022925726928139212
0.6774458104609079,0.6883303790141753
0.9642351539687469,0.864757686005674
0.5464317992400808,0.07290312831269208
0.3740632832625199,0.5961098828560011
0.06661714349869119,0.6963468636176671
0.36935884511284234,0.5573820748942707
0.11194311011685676,0.6060501304621444
0.4217074135863369,0.9404040783478116
0.9265854709161689,0.8977464976177746
0.29646631868343365,0.40649282832543987
0.46933230147234595,0.17033215538461444
0.43735891853021536,0.05809391358385807
0.1867230147109057,0.29508436009933237
0.023319330299837238,0.6856435641087781
0.39900373955161017,0.8083649989603331
0.2526586501625172,0.955127430333462
0.8254664981634943,0.4646983494029576
0.622153270315945,0.5586974240572958
0.6548112328626223,0.8085746574572198
0.9096434655877528,0.6979159032770835
0.7331837564918117,0.29820412402812
0.022623171132946096,0.7627918195299955
0.9914079550830647,0.6295788044694205
0.42480222337757545,0.7085633414806227
0.4412062558242902,0.45946832727414577
0.4623807425505756,0.5086477195734106
0.3950200078178433,0.49473638685650423
0.8938910601219107,0.10545394319143298
0.9201243386001908,0.014497937253457271
0.2364607006090531,0.7238043446490158
0.48942442594162294,0.9487177635377355
0.30203002733476025,0.6844499396113212
0.042111355865375066,0.737990113145832
0.48668293151014885,0.822232838571203
0.020551726692710992,0.6282400177286942
0.7091109495438932,0.6285705628156686
0.9567826217147953,0.6703370894515953
0.11773188978719429,0.648761831441317
0.6224832454056014,0.6858937488387883
0.7932181266511973,0.9563848097550391
0.08454249707019812,0.7164787528150439
0.44778162886519146,0.7213682390364251
0.15519236684901805,0.5408992654722606
0.8925109147615913,0.9971410237109476
0.6387972941510303,0.8666058874899136
0.8350271395291795,0.9628153197787562
0.3658227883855585,0.9256143197640878
0.7969526462177342,0.6273352340881909
0.7315047666869097,0.7365032517300741
0.3235615685342641,0.08183686432541082
0.1722772135020395,0.6158336767652912
0.4475061058756248,0.4905728184399767
0.6574851887416171,0.38575435293578453
0.5804389184142738,0.7529686787872646
0.9768765073541125,0.8747888991074518
0.8715578585349156,0.9417034779038463
0.3385894141255481,0.8542588309275825
0.3950215103538308,0.5935255684594972
0.6366296412758726,0.5245308995188178
0.26964130069653125,0.9763014089570516
0.26859362656214947,0.06853082302211844
0.9246811125307431,0.9131074492492387
0.28435076009069404,0.00783147239065396
0.5250358175723566,0.9343228749238665
0.3969768187064663,0.4046947945570144
0.023517662676544093,0.9480482323671802
0.6478941005249419,0.599048683209164
0.02110485237799764,0.7725920827838175
0.11565386402067024,0.20328925165324718
0.4514349407985774,0.4880414861026299
0.46602118949087357,0.9347419747731642
0.5107549917125557,0.2614264532464896
0.7674180701681191,0.969613367744872
0.3454897903028098,0.06682162263979619
0.31333067875253573,0.9432036129639069
0.0417825830266203,0.8915206382658516
0.2708694870857986,0.3475096354324092
0.12776752449861206,0.6521782378337664
0.6022225787363071,0.5724129494656278
0.3481791256839698,0.7990919637757319
0.8055633054394478,0.8161593488954347
0.7442634909161403,0.9349630752238827
0.7248827103991379,0.5204121157900712
0.7236436098659312,0.3275604341495728
0.3876023926938261,0.05530806824496337
0.6591564245110292,0.1353247809479161
0.15920515584324912,0.6476996125504492
0.49366249422842756,0.09215236938883575
0.4818233819255301,0.0209012248937831
0.7121033456268193,0.6206340466609628
0.14978840404310645,0.48474714786762385
0.8125376403791424,0.8002065929683341
0.26609015375888634,0.5526799129822019
0.8944394412831942,0.4455113922541176
0.05515285309620832,0.9653025670116068
0.3336486690717828,0.9850692548485219
0.8093153095043175,0.684604321857021
0.180207865843377,0.18782351535716624
0.32629806265897854,0.6833504791842587
0.08481388925721045,0.711149572932335
0.10514745523824698,0.7001322407776406
0.27372023329306205,0.7976138775625805
0.20205586490172078,0.49177874352236317
0.32875727213482653,0.7196045759584664
0.661825588592861,0.6317588761611695
0.9610560268168612,0.03551420241209291
0.1996021620773174,0.10312255070561593
0.6059752531672921,0.81824779278623
0.8813636352381529,0.23249839384792925
0.09962740730868946,0.8677798960072336
0.6524214646018714,0.0963673791775147
0.8559831073126405,0.2634040295793878
0.7731399398537954,0.04409947509592649
0.925624792326139,0.05200727153539231
0.9261340013521243,0.0160661561953801
0.5142630728198632,0.628247140939102
0.0739485356528572,0.6187393500289923
0.9221771972017735,0.27076548913359655
0.31820486235611656,0.7468052049478038
0.36024150331283444,0.41472983041087674
0.5750128210611515,0.7170198067568359
0.36019418939246206,0.10258411342838758
0.9542957332457991,0.4559553258068064
0.5088865534599596,0.7383514189968602
0.6630706737417494,0.4573580692066491
0.8995438774212651,0.4600790988465474
0.4695245214645536,0.9729832614497409
0.5666653140466271,0.8440040041680061
0.8217472024698061,0.8443186519623216
0.003256082531184812,0.26709213217005867
0.8000419815678885,0.9112920687892595
0.39643211087501107,0.8304341690861532
0.31805057499544476,0.38386175382008425
0.6038383974523727,0.00985334639494806
0.5548717331956666,0.216414726993721
0.1306459013928225,0.6751936810599565
0.34098591269643863,0.9821116058996558
0.2776716374791176,0.7524721495459485
0.41966581461487196,0.19036042994468338
0.20714688921022872,0.9366118705993225
0.8728014481405657,0.11136449262860282
0.9702903365172577,0.06273419043745099
0.9339009050069104,0.35081537464055423
0.28331522821268595,0.5483001796801545
0.14360936033550098,0.4252774044629285
0.03388707012337788,0.058302223033436795
0.13224845734009494,0.8015814807949988
0.8022592660548057,0.6762837766858536
0.9587286568274527,0.028659730339877454
0.7692883580255345,0.5265281493557938
0.39749712584519914,0.22956360175675738
0.013356039914460882,0.17395301125084384
0.43366398336526657,0.8051970924858524
0.7734454807166173,0.9943624102524437
0.7782194647926489,0.5744075714421001
0.8116514630133671,0.4702778349505161
0.9143208230706046,0.13626800031912134
0.42050053496422457,0.22497250750192477
0.6958127024923497,0.680601045429529
0.9946682577661845,0.8439470889721187
0.9957405889336144,0.053638175801242194
0.3863071587482675,0.009192985014699007
0.3550074572270959,0.7920342244602472
0.8700293978935519,0.33813014915808837
0.07429956921083081,0.6054433419401326
0.4844533093555279,0.6303159391101457
0.9061421529986987,0.6492669047785236
0.8446367984073438,0.11544353686090958
0.443247361723642,0.29553172001594274
0.90574062449276,0.10651812917202241
0.34542768795618983,0.9563891814516562
0.4562508513719542,0.8519319679368825
0.5291023180377776,0.02793379771888005
0.7956444122846128,0.0567429414249323
0.32538525323572665,0.5159169164332331
0.31192996546882457,0.19365308492161593
0.8023039396685118,0.7857271795163575
0.06113327220306375,0.6281508176389999
0.8076767579485856,0.12620242954853955
0.1920399673958797,0.734202166415385
0.5921603574234325,0.9466870404284029
0.814567256536288,0.36330627004288163
0.5229910983272827,0.51313085195221
0.48270793488022223,0.9404339754904545
0.016858323965796118,0.22867076787637508
0.8183753607535501,0.8709989036813172
0.6210513475343625,0.20679655459106516
0.5258617886013252,0.09287719179540499
0.9964086394946232,0.11746167033065325
0.9136482244180818,0.184524589886241
0.42665588238686913,0.35045190668796933
0.6364561113992436,0.45262914283587985
0.07740539584946593,0.29408190579199434
0.40259012457345456,0.33424035303994803
0.015638192311049348,0.2521990129536906
0.6449637313944369,0.7779003061585449
0.6030737679431182,0.9694580688876002
0.22392116854389055,0.7742158574178861
0.4314930722097414,0.42483342198880014
0.8496543503741418,0.3100306856309103
0.20563977217489493,0.9137526374387273
0.5795069512473613,0.04581537825091353
0.5929787782533836,0.46596517966157713
0.696436800959677,0.06965950370570118
0.8682014761824649,0.8602105219371308
0.29013810903619486,0.4255933098870536
0.35118361135222176,0.35833200231933837
0.26381982911297286,0.13112647897843477
0.35889671479302987,0.7941506487872793
0.6467226724294709,0.2307595215546273
0.026994176496016875,0.579704142133401
0.6648735871538041,0.9201103799302145
0.9340636703053423,0.7485499706829263
0.5769458098271065,0.35160019564307954
0.31946682826924366,0.324533900546919
0.39367534066053467,0.36442705608631065
0.08616938168295896,0.6904406719765707
0.2718295399510128,0.9822211521263371
0.6268734836750437,0.07579812964564503
0.8752667910262018,0.27459206853094253
0.8794667648826946,0.7563046105100626
0.18405179972420405,0.9412247757571387
0.4393964847990691,0.4687881937131383
0.3399184812522966,0.3668269513454381
0.3115381852166301,0.8807409660489997
0.27512552969708637,0.10678269495350279
0.23746133235186695,0.7848256194969903
0.6799794526162154,0.3542787346750622
0.6883702938107643,0.5776501174319583
0.06668688809145251,0.5036054559008273
0.43196045668738126,0.5576590478445819
0.1893155202087612,0.892734148089146
0.4169786992186906,0.6499799640135483
0.6852195049175912,0.7808899961099804
0.6499985708253518,0.6905439482062377
0.7847119972859883,0.41677744580893583
0.5964276104572167,0.30855231686434803
0.04109310993548465,0.5757080103887705
0.24221687038435658,0.34594150500587406
0.6419947667895393,0.3552422525831157
0.9078904282306763,0.2976702174601823
0.37927280145324693,0.08784305276684468
0.2781260695333019,0.5856181189110982
0.6983931145672937,0.23377907498105577
0.565235703671835,0.8714346408606894
0.7559700693997936,0.9238010355039733
0.48279901659634805,0.10405093695786738
0.018758335500437706,0.5903470088392134
0.4941213345576385,0.6368452032003223
0.541392591036541,0.32354235831982714
0.4018087007410053,0.4094845562888604
0.986793333978308,0.6215751264800267
0.17531856514991606,0.012920057800318796
0.09481969506913679,0.8246207275922568
0.3341317437738648,0.2973307095872917
0.34749095514323824,0.06932417944289393
0.12807963586434912,0.6217526552632798
0.9023548833855513,0.9133745716921694
0.23771965865641276,0.21930181838012774
0.6746916551834623,0.37930625982488286
0.6445486727455085,0.7915573879394843
0.7775385142884189,0.7837232977225078
0.8445504617623814,0.21535161582411155
0.9226506325033488,0.22724440390410472
0.47062540583946744,0.456533486789216
0.6539160883603028,0.6398933323532576
0.6645842910205063,0.5333773592027774
0.8146865379786283,0.6419171649946954
0.7798561756869274,0.4971169513641567
0.46639352110986354,0.46385695914471625
0.16594518026586913,0.089796505858038
0.8127985437879036,0.3919706541176462
0.3205765107484354,0.8006343254583265
0.6541716190496535,0.28771720506161436
0.2961001772251236,0.15436459252256585
0.5432999184523097,0.5950757595952855
0.12456172640634688,0.06856138753487362
0.6964930658840516,0.03444039162553769
0.9788933135127051,0.4173844148949879
0.6580815750574134,0.2899851671112005
0.751772514150942,0.7651852947721492
0.18870164589466298,0.9582297132532241
0.9707324096700602,0.1575796005606267
0.6207976253052252,0.387743051002418
0.5019635702491615,0.24526987067589567
0.34231871310498196,0.7305414459766949
0.9832573464073739,0.9804165844587821
0.7953729653594509,0.12547962916426292
0.8175449643569712,0.7238969891920038
0.4415709747742945,0.6073437298492825
0.5206786790652955,0.23701680391302005
0.13560554819111859,0.9118229399745379
0.2545573929918714,0.6562746941326772
0.23829038560665883,0.4764631651054708
0.3084102350876117,0.9330517399830098
0.028434455875876674,0.4559074912586669
0.45117801891895426,0.06011785433832473
0.39297478884669146,0.5884673947122986
0.12883443146951545,0.3397513618428052
0.6251937124676906,0.9734430256111228
0.8176578792723403,0.14825953890830668
0.33461847411995427,0.9038887179857552
0.057956801994657914,0.3833900736559104
0.9874618590680881,0.21526256809553956
0.7565155954392875,0.6594485263821651
0.16901294250051235,0.6469175126173252
0.35763617311483187,0.383649968424533
0.3189247181163911,0.4314415637471366
0.7671708463138679,0.8887994563456368
0.33643888074063977,0.23232257163176606
0.250859394754426,0.7379264548516983
0.6823256600358879,0.3367455527972524
0.8187375221333264,0.8153374163712173
0.5534771767719082,0.9671951395849092
0.44354871516677974,0.9964099874922141
0.686248434537016,0.83639372911603
0.22830914058298202,0.5734875766557127
0.9214252628707919,0.06472983235940011
0.9408670221995489,0.3867399983506997
0.31539473326999445,0.2643057714431062
0.46900099967835773,0.5710724606480178
0.10008419316281503,0.10019364680276766
0.9287859618227832,0.45445026826571666
0.02774756778372356,0.564403638288967
0.6107071351687886,0.3671463847485711
0.7912955249669542,0.6746521292427824
0.4642610543915259,0.9822530520391852
0.9424652181554632,0.9922497292519263
0.49272661718804533,0.4230006872718455
0.1362361427620662,0.0467278181332228
0.8909352444381805,0.5910084648885798
0.08498057181960206,0.5773861662290797
0.8872519741891378,0.9852885433012206
0.38809561185959995,0.29263624919221876
0.3543268793132005,0.20228826918777543
0.3444768521949908,0.12998335138281258
0.44949803767536056,0.634113014385648
0.38322483157154075,0.36751595405927173
0.24045190882251555,0.16342197082960153
0.5970196133413297,0.9896857399819259
0.1560995451527043,0.14094228052354463
0.6977334071106633,0.6188083686438351
0.04386019403444119,0.9906704643250058
0.7408899156430305,0.3402771546244985
0.030969186361036516,0.035674896660096045
0.8032882946227973,0.21402139519578534
0.44802552913760385,0.05469105676069996
0.6806884053506527,0.889829655701302
0.2713464327588774,0.6722976445342381
0.6751520886403876,0.7424828812438113
0.16048303702519218,0.2812725924920134
0.7013727616436956,0.9921609201206483
0.2494845055478817,0.8909927591827499
